440
426

786
806
825
843
854
856
847
825
787
735
671
601
530
468
420
390
371
362
359
359
361
363
367
372
381
391
403
416
427
436
444
447
446
443
440
441
445
455
470
484
495
502
504
503
497
488
478
470
470
474
479
484
487
488
488
485
481
479
480
482
487
496
507
519
525
526
523
518
516
517
516
510
505
503
506
510
517
524
532
539
543
539
530
522
516
512
507
502
500
499
502
510
518
530
542
556
566
568
573
576
572
555
530
505
484
471
465
472
490
513
532
550
563
567
569
573
575
576
574
570
566
567
567
568
564
559
550
541
538
542
553
567
578
585
587
589
588
579
567
560
562
572
589
603
606
596
578
560
551
550
552
559
567
576
585
594
602
603
599
593
590
589
591
593
595
598
598
592
583
574
563
555
546
540
536
529
524
522
519
512
501
489
478
468
459
451
443
439
441
448
457
463
459
443
415
383
353
332
319
317
324
336
348
355
357
352
344
333
318
303
289
276
266
254
241
228
217
209
201
199
201
208
219
237
259
282
304
319
325
321
310
299
290
280
274
274
279
291
301
309
312
305
291
278
276
281
292
304
315
321
324
322
311
292
272
259
252
254
264
282
301
316
331
343
349
350
352
358
365
375
389
400
403
406
407
404
397
391
388
387
395
407
420
430
432
423
407
380
352
327
311
313
332
359
386
409
426
438
441
431
415
398
387
378
368
359
349
343
342
346
351
359
367
372
368
357
342
325
305
282
264
256
258
270
290
313
340
366
388
408
423
435
441
438
430
422
423
432
450
472
499
526
541
547
545
540
532
522
508
497
493
495
500
510
525
541
554
567
578
583
581
569
550
526
502
480
463
456
449
437
427
425
435
452
473
495
510
520
528
527
520
510
500
489
475
462
454
454
463
476
486
487
482
469
455
445
443
448
460
476
490
499
493
475
456
442
432
434
448
465
475
481
483
480
474
466
462
462
463
464
469
474
478
476
467
458
448
443
445
454
467
486
504
523
539
546
544
531
514
498
485
478
478
483
487
488
487
480
471
461
449
438
431
427
428
441
461
481
496
508
512
512
515
527
548
573
599
631
669
711
747
769
778
784
791
798
801
803
806
807
806
801
791
770
732
677
612
552
498
451
417
394
380
373
370
371
373
378
388
399
410
419
427
438
451
467
482
489
492
495
498
502
503
499
495
493
494
498
503
503
501
498
495
494
499
517
543
570
587
602
603
586
560
539
527
523
523
529
540
552
564
574
580
584
582
576
569
568
573
581
588
595
602
609
614
614
609
605
610
623
638
652
656
648
634
619
604
586
567
552
546
548
560
577
595
616
632
640
640
638
633
623
612
601
594
599
609
619
629
640
645
649
649
646
645
646
642
635
627
623
625
628
635
646
657
667
677
680
681
680
679
676
672
668
663
655
648
644
644
651
661
674
685
691
692
691
685
680
678
681
690
705
722
733
735
725
708
691
677
664
655
649
648
651
656
662
667
667
656
639
624
618
618
623
631
637
637
629
609
584
562
546
537
534
532
534
536
538
538
537
533
528
523
518
512
510
508
505
502
496
490
482
477
477
481
486
493
501
509
517
521
519
516
509
495
480
467
463
465
470
475
477
479
481
483
485
489
495
498
500
504
508
507
499
491
485
478
471
465
460
458
462
471
480
491
502
511
510
498
480
464
450
442
443
452
466
485
506
525
536
537
529
519
510
504
503
503
504
504
504
504
503
503
501
498
493
492
495
494
490
483
475
471
471
473
472
473
476
482
490
495
497
499
499
495
488
484
484
486
491
496
498
499
499
499
496
490
487
486
494
505
514
522
527
528
529
529
522
513
505
497
487
477
473
476
485
496
504
505
496
479
459
440
427
424
429
438
448
458
466
472
474
476
480
484
487
495
506
515
520
519
515
506
496
489
492
501
502
499
494
489
487
487
487
480
471
462
455
451
457
470
490
526
579
628
661
679
688
685
663
634
610
589
571
551
522
486
450
420
396
376
363
349
328
312
314
328
349
368
379
378
369
361
361
368
377
379
376
375
380
388
398
412
428
449
469
488
508
527
542
556
562
559
549
538
528
520
513
506
495
482
469
460
453
446
438
426
421
422
428
437
448
456
461
460
453
446
440
434
429
423
420
419
419
422
426
430
437
454
473
491
511
531
552
582
620
665
706
737
757
770
784
803
825
845
862
872
873
859
831
787
727
655
580
508
453
416
393
382
378
376
377
382
388
394
402
415
439
466
486
493
486
470
447
428
416
409
407
413
429
455
481
504
522
529
527
524
520
519
522
532
544
560
580
597
611
617
615
611
602
593
590
598
613
627
636
640
632
612
588
569
556
550
548
549
553
555
554
551
544
536
532
531
536
545
557
565
570
570
564
556
546
537
530
527
530
540
556
568
575
577
573
564
556
554
555
555
558
562
569
581
592
598
604
607
609
615
623
632
641
645
648
652
654
652
644
632
626
625
628
633
644
654
660
667
676
683
685
682
677
672
671
671
673
677
683
683
681
679
674
667
660
657
665
682
701
722
737
740
732
716
698
681
669
659
653
650
654
660
668
672
672
667
658
651
643
632
626
628
636
642
641
631
613
591
575
568
569
574
576
579
582
591
598
592
573
548
529
514
506
505
507
511
515
516
515
515
517
520
527
537
548
554
552
543
531
516
500
487
477
468
464
466
474
487
504
521
537
549
553
546
534
518
499
484
480
485
495
505
512
514
511
506
500
491
484
481
483
490
498
507
511
512
511
508
504
499
495
496
501
508
514
522
529
532
529
521
512
501
494
495
503
511
517
519
516
510
501
496
497
502
511
522
533
539
539
534
526
517
507
497
487
477
471
471
476
482
486
483
476
470
465
462
462
469
479
490
500
507
514
520
525
527
527
524
520
516
516
516
514
512
508
505
500
496
492
490
492
499
503
505
508
510
512
515
512
502
491
483
481
485
488
489
486
480
474
467
465
463
461
463
468
477
482
485
485
483
477
470
463
463
469
478
486
491
494
495
494
491
486
477
467
461
459
465
475
484
491
498
503
505
505
502
498
499
505
514
526
538
545
547
543
536
526
515
509
508
511
517
524
530
534
534
530
519
506
495
486
481
482
484
487
491
492
492
488
480
473
468
462
460
468
479
487
492
491
488
482
477
472
469
469
471
475
478
478
477
477
476
475
474
473
473
474
478
482
485
487
485
484
484
481
478
477
478
479
484
490
496
501
503
500
492
484
476
471
469
470
475
485
498
513
532
553
573
596
623
649
680
714
747
775
800
822
838
844
842
832
814
788
752
709
660
606
548
492
441
399
368
349
337
335
341
355
375
395
410
420
425
427
429
431
436
443
451
460
469
474
474
473
472
473
474
474
477
485
495
503
509
512
511
507
502
497
494
492
494
499
503
506
509
511
511
508
505
499
494
491
491
497
506
516
522
528
526
520
515
508
506
507
510
514
523
531
535
535
531
523
514
509
509
514
522
531
541
549
554
555
550
543
535
529
527
527
528
531
535
541
546
549
550
547
543
543
543
548
556
567
577
583
583
580
574
569
565
563
564
570
578
588
598
603
602
596
589
584
584
588
595
605
614
622
629
631
629
624
619
613
610
614
620
626
632
637
642
646
646
643
639
632
627
623
622
622
620
619
618
614
609
606
604
601
598
597
596
595
593
590
585
574
561
550
541
534
532
534
536
539
539
536
528
517
506
495
487
481
479
480
485
490
492
490
482
473
464
457
454
455
461
470
477
480
478
475
470
465
458
455
455
457
462
464
464
463
460
454
447
441
437
441
447
455
465
472
473
471
465
457
451
448
445
440
437
443
456
471
483
489
489
484
477
472
469
470
472
476
480
482
483
481
474
466
459
454
452
454
460
465
468
468
468
468
466
463
456
453
456
463
469
476
481
483
484
479
471
460
451
446
448
457
466
476
480
480
476
470
467
465
464
465
467
471
478
483
487
488
483
474
466
461
458
457
460
468
477
484
489
489
482
473
463
457
454
454
459
466
475
482
489
490
487
481
473
465
461
463
469
477
482
485
483
480
477
471
466
465
468
474
482
491
495
495
490
482
471
462
455
453
459
469
480
490
496
498
496
490
482
474
469
467
470
479
490
499
504
504
502
496
489
482
478
479
485
491
498
503
506
506
503
498
494
493
494
499
506
512
517
519
519
515
509
502
499
498
498
504
513
522
528
530
525
515
502
490
479
470
468
473
481
489
493
491
485
478
471
463
458
457
463
471
480
486
486
484
480
474
467
462
459
464
472
482
490
495
496
491
481
470
460
453
448
448
453
461
468
474
479
478
474
470
467
466
469
476
484
489
490
489
486
478
467
456
444
438
439
448
458
469
480
491
499
508
519
534
554
579
608
644
681
716
749
776
799
817
831
840
844
843
838
827
804
764
712
647
572
500
434
385
347
327
321
328
343
362
380
394
402
409
413
415
419
426
434
441
448
454
459
463
463
463
463
465
470
478
484
490
493
495
490
484
480
480
480
482
484
489
494
495
497
499
496
489
485
484
487
492
499
506
512
516
517
513
503
493
489
487
489
497
506
515
520
522
521
515
510
507
506
507
510
515
521
526
530
530
527
521
515
510
507
507
511
517
524
531
536
537
536
535
532
530
530
532
538
544
550
554
555
554
550
545
540
536
535
539
547
555
561
566
569
571
573
576
579
580
581
585
593
602
611
616
617
614
606
598
589
584
586
594
605
616
625
632
636
635
629
621
613
607
605
611
620
626
629
630
628
622
614
605
595
586
582
582
584
583
582
579
575
569
562
556
550
550
551
552
552
547
540
529
515
504
495
489
488
488
491
494
496
495
493
487
480
473
468
464
463
467
471
475
476
476
473
467
459
450
445
443
442
443
445
445
446
446
447
448
447
446
447
453
463
473
480
484
483
479
470
459
448
442
440
443
448
457
466
475
479
479
474
467
460
452
448
449
450
452
456
460
464
468
467
465
463
462
462
465
470
473
475
474
468
461
455
451
449
450
456
466
474
481
485
487
486
481
475
468
463
461
463
466
471
477
482
482
480
475
469
462
457
455
457
466
476
484
485
480
475
470
465
462
463
465
469
472
473
474
476
474
471
468
467
466
468
476
483
490
494
495
492
485
476
470
468
468
472
478
483
486
486
483
479
473
468
464
462
465
471
478
484
489
490
486
479
473
467
464
463
465
469
473
477
481
483
483
481
480
479
479
479
483
491
498
504
509
509
505
496
487
481
480
481
484
490
495
497
496
492
486
479
473
473
477
487
499
509
515
518
518
515
509
506
504
502
502
507
514
523
530
535
535
532
526
519
512
506
503
505
507
510
513
511
504
494
485
479
476
475
478
483
487
489
489
487
482
473
465
459
456
457
460
463
465
468
473
476
478
478
478
479
479
482
488
494
498
498
494
487
478
471
465
463
465
473
485
495
501
504
503
498
490
481
472
467
468
473
478
482
485
484
480
473
465
460
462
471
488
514
545
576
605
634
660
683
707
731
756
784
812
840
863
877
881
874
853
821
774
715
646
577
513
459
418
388
367
354
345
342
344
354
369
387
409
428
443
452
455
454
450
446
444
447
453
465
479
488
493
495
492
487
484
483
486
491
498
504
509
512
514
514
510
501
492
487
486
488
495
504
511
516
518
516
509
500
491
488
489
495
504
514
522
525
526
522
515
509
506
505
508
514
519
525
531
534
534
529
522
515
511
509
511
518
528
534
539
541
538
532
527
522
521
524
531
541
550
555
557
556
553
550
547
545
547
549
553
559
565
570
574
576
576
575
571
568
566
569
578
588
598
607
611
611
607
603
602
604
607
611
615
620
623
625
625
624
621
619
617
615
616
618
622
627
633
637
639
637
632
627
622
618
617
619
622
624
623
621
615
607
598
588
579
573
569
568
570
571
571
567
559
549
539
530
523
519
517
516
514
510
504
496
489
484
479
475
474
477
483
487
489
489
484
476
468
459
452
448
450
457
466
472
475
472
464
457
450
448
449
451
456
461
466
468
469
467
461
454
450
450
451
455
462
468
471
470
467
465
462
457
452
451
453
457
463
468
471
471
467
461
455
451
450
452
459
469
479
485
486
483
476
468
460
452
448
448
455
464
471
477
481
482
476
467
457
449
444
446
452
462
474
482
488
489
484
476
470
463
458
457
461
466
472
475
474
468
459
449
444
446
452
463
476
487
494
496
494
487
479
470
463
458
456
458
463
472
479
484
484
481
477
472
469
469
472
479
486
490
490
489
484
479
471
464
460
460
464
472
482
489
493
492
489
483
477
473
471
472
476
478
477
476
474
472
470
467
465
465
467
474
482
489
493
494
490
485
480
476
472
471
473
479
488
496
502
503
499
493
485
478
472
468
467
470
478
489
500
507
508
504
498
493
489
489
492
497
501
503
500
495
485
475
470
472
479
489
503
516
528
536
539
537
530
522
513
506
504
510
520
530
539
542
540
534
525
515
506
500
498
500
505
507
508
506
500
493
486
479
474
469
468
470
472
475
480
482
481
478
476
473
471
471
474
480
484
486
485
481
476
471
467
467
469
474
480
486
491
494
495
492
487
480
476
473
472
475
480
487
491
494
495
492
484
476
470
466
466
469
474
479
482
483
481
475
468
465
467
475
494
521
553
583
613
643
675
709
739
767
792
815
836
853
863
861
847
822
779
723
657
586
516
458
413
381
361
348
341
340
341
344
349
355
366
382
401
418
429
439
444
444
441
437
435
434
438
448
462
475
486
492
492
488
485
482
481
484
489
497
504
512
519
521
517
507
497
490
485
485
489
498
506
513
516
514
509
504
498
494
493
496
503
511
517
522
523
520
516
512
508
505
503
505
508
513
517
521
524
524
523
521
517
515
515
521
530
540
547
550
549
544
539
535
533
534
537
543
552
560
564
563
557
548
539
535
534
537
544
555
565
574
579
581
579
576
574
572
571
574
580
586
590
594
598
598
599
601
605
610
616
623
631
637
641
642
641
634
625
618
616
617
623
632
642
650
656
658
655
649
641
632
626
622
621
624
627
627
625
619
611
600
590
580
572
568
568
570
572
572
570
565
556
545
535
527
521
519
518
518
518
518
517
511
504
495
487
479
472
470
471
473
476
479
481
481
478
474
471
470
472
476
481
484
484
483
479
473
465
459
454
450
452
457
464
470
473
471
464
457
451
449
448
450
455
462
471
478
481
480
475
470
465
462
461
464
469
475
480
480
478
471
463
453
445
439
438
444
455
469
479
484
487
485
478
472
468
465
464
468
472
476
479
478
476
472
468
464
462
462
464
470
476
480
482
482
480
478
474
470
469
470
476
481
484
484
482
477
471
465
459
456
458
465
476
486
493
497
498
493
486
480
475
474
476
479
486
490
491
489
485
479
472
467
464
463
466
474
485
494
500
502
500
494
486
478
472
469
471
477
484
489
492
492
490
486
480
475
472
473
474
478
484
490
494
493
489
485
480
477
477
480
485
490
494
496
494
488
480
474
471
471
472
477
484
491
496
499
498
493
489
485
482
481
484
491
499
506
511
513
511
505
497
490
486
487
491
498
505
512
515
514
509
504
499
500
504
511
521
531
538
543
544
540
531
520
510
504
503
510
519
528
534
534
531
524
514
503
492
484
479
479
482
485
488
489
488
485
480
474
467
463
464
469
478
488
494
497
495
491
485
480
475
473
473
476
482
488
493
491
487
480
473
470
467
466
466
468
473
481
488
491
491
488
483
480
479
479
482
484
486
487
484
479
472
466
461
458
459
463
471
480
493
507
525
547
569
591
618
646
675
708
739
770
799
823
839
845
843
834
816
791
759
721
673
616
555
494
438
393
358
335
323
321
326
336
351
369
387
403
414
422
427
432
436
443
451
460
468
475
478
477
474
470
466
464
465
472
483
494
503
507
507
504
500
497
494
493
497
503
510
514
516
514
511
508
505
501
499
498
500
503
509
515
519
520
517
511
506
504
504
508
516
525
532
538
542
541
537
531
528
526
526
528
533
539
543
545
544
542
537
533
528
526
526
531
538
545
552
556
557
552
545
540
538
540
544
550
556
563
568
571
568
562
555
549
547
550
558
569
583
593
600
603
601
596
593
591
593
598
607
617
627
635
639
638
632
624
618
616
616
619
624
629
634
639
641
640
639
636
633
633
634
638
641
644
643
639
631
622
614
606
600
596
597
599
603
604
603
600
593
582
569
557
547
539
534
530
526
519
514
509
505
498
492
488
484
483
486
491
495
496
496
491
482
472
462
456
454
459
465
471
472
470
467
463
459
458
458
461
466
471
476
479
481
480
476
468
460
451
447
444
445
449
456
465
472
474
473
469
463
457
455
455
460
466
472
474
475
476
474
471
465
459
454
451
451
454
459
461
461
457
452
453
458
464
470
477
486
493
497
497
492
482
470
460
454
453
455
462
472
481
487
490
488
481
473
464
458
455
457
463
472
480
486
488
486
479
470
462
457
454
456
460
464
469
474
477
477
474
470
466
466
470
477
483
488
491
492
490
485
478
473
468
464
465
470
475
481
486
491
491
487
481
474
468
466
468
473
479
483
487
487
483
479
475
473
470
471
473
476
479
482
485
486
488
489
488
485
482
482
486
490
494
496
496
492
482
473
467
465
469
477
486
495
500
500
497
492
487
482
479
478
480
485
493
501
507
507
504
499
493
490
489
490
492
496
500
503
507
505
499
493
489
488
490
497
506
517
527
533
535
533
528
521
514
510
508
510
516
524
533
540
541
537
530
522
516
511
507
507
508
510
509
505
499
492
485
481
479
479
483
488
492
494
493
490
485
480
476
472
469
472
479
488
495
498
498
495
487
479
472
469
467
467
472
478
483
488
492
491
485
478
474
472
475
480
486
491
495
494
490
483
476
469
461
455
453
456
464
472
477
481
482
482
480
480
481
489
505
528
556
585
615
646
675
700
723
745
766
788
811
832
850
860
860
849
826
793
749
694
631
567
505
453
411
381
360
350
345
345
350
359
368
382
400
418
434
446
454
455
452
448
445
445
450
459
469
477
481
481
480
477
473
469
470
475
484
495
504
513
518
518
513
505
498
492
488
488
490
494
499
504
510
513
513
508
503
500
499
503
510
519
527
531
532
529
523
516
511
509
510
515
523
531
536
540
539
534
529
526
524
523
526
532
539
547
551
552
549
544
537
532
530
531
537
548
559
565
568
567
563
557
552
549
550
553
560
568
578
584
588
590
587
583
579
577
576
578
585
594
604
614
620
621
617
613
611
611
615
620
626
630
631
632
632
632
630
626
623
621
623
627
631
635
638
642
645
644
642
638
634
631
631
634
636
637
635
628
618
606
595
587
581
578
579
583
585
584
580
574
563
552
541
531
523
518
515
514
515
517
517
512
504
496
489
484
484
488
493
495
495
492
487
479
470
464
462
465
470
476
481
484
485
485
481
473
464
457
451
449
451
457
464
469
474
476
472
465
457
449
441
439
444
454
466
477
482
483
479
472
464
458
456
459
466
476
484
489
489
487
482
476
470
465
464
469
475
483
487
490
487
479
469
460
456
455
459
466
473
480
483
483
480
474
467
459
453
453
460
471
482
490
494
493
486
477
469
465
463
464
468
474
479
485
488
487
481
473
467
463
462
466
472
479
484
487
487
486
483
478
473
470
469
470
476
481
484
485
485
485
482
478
476
476
480
487
495
500
503
502
497
487
480
476
476
477
480
486
491
494
495
493
486
478
470
464
462
464
470
479
488
494
496
496
494
488
481
475
471
469
470
473
478
485
490
490
487
483
482
482
484
486
491
495
497
497
495
490
483
477
473
472
473
479
486
492
496
497
496
494
491
488
484
483
483
487
492
497
502
505
504
502
499
495
491
490
493
496
498
499
499
499
497
494
492
492
497
507
517
526
532
536
538
536
529
522
515
511
510
515
523
532
539
541
538
532
524
514
506
500
497
497
497
498
499
500
500
497
495
492
489
487
489
493
497
499
500
500
493
484
473
467
463
465
471
477
481
483
483
480
475
469
466
465
466
471
479
488
495
498
498
494
487
480
475
471
471
475
482
489
493
494
491
484
474
467
461
458
459
463
470
476
479
479
475
470
465
464
472
489
515
549
588
628
667
701
729
749
765
781
797
815
834
848
854
850
837
810
769
715
650
580
513
456
413
382
362
351
348
347
348
351
357
367
379
395
413
431
445
455
457
453
449
447
448
455
464
474
485
493
500
504
504
499
493
486
481
479
480
485
494
502
508
510
507
502
494
488
485
486
491
498
505
510
512
511
508
502
496
490
486
486
487
490
494
498
504
508
508
506
505
505
508
516
529
540
544
545
540
531
524
519
518
518
522
529
537
544
549
549
546
539
531
525
523
524
531
539
547
552
554
553
548
544
542
544
548
555
563
571
577
581
584
584
581
577
573
571
572
576
583
589
595
601
605
605
603
600
597
597
600
606
613
620
625
627
628
625
620
616
616
620
626
633
638
641
642
641
638
633
629
625
620
619
620
621
620
618
616
612
606
598
590
584
579
576
575
574
574
573
570
564
556
547
538
530
525
523
521
521
519
515
510
502
492
483
477
473
474
477
482
486
488
489
487
480
471
460
454
451
452
457
464
469
473
474
473
468
462
456
452
451
454
459
464
468
470
471
468
462
458
455
453
455
460
466
470
474
475
470
463
455
452
453
457
465
473
480
486
488
485
478
470
463
458
456
458
463
470
476
482
485
485
481
477
470
465
463
463
465
470
474
475
475
471
465
461
460
461
465
472
480
485
485
483
481
481
479
474
468
464
464
470
478
486
489
489
486
480
473
466
461
460
464
470
478
486
493
496
494
488
481
472
465
461
464
471
477
481
483
483
480
476
473
470
467
470
477
485
492
496
498
496
491
484
477
472
469
471
477
484
490
492
491
486
479
474
471
468
469
475
482
488
491
490
484
477
471
468
468
470
476
484
491
495
497
496
492
486
481
479
475
475
478
485
493
498
498
494
487
479
472
468
466
470
478
489
495
499
500
494
485
475
468
464
465
471
481
490
496
498
497
490
482
476
470
469
472
479
488
496
499
499
496
489
482
476
475
476
480
487
493
497
499
501
500
495
489
483
482
484
489
494
497
499
498
494
490
485
482
484
488
495
503
510
515
517
516
512
505
497
491
488
490
496
505
515
522
526
525
518
512
507
507
510
515
523
530
537
541
542
538
531
526
522
519
514
512
513
515
515
512
507
500
494
490
487
486
487
492
498
503
505
505
501
493
483
475
469
467
471
480
489
496
501
500
496
490
484
479
475
475
478
484
492
497
500
497
490
481
471
463
461
466
475
485
494
501
505
505
501
494
486
480
476
476
478
481
484
487
487
483
477
472
469
472
484
504
532
563
595
625
654
679
702
723
744
768
794
819
843
861
870
867
850
823
785
736
680
619
558
502
455
415
386
365
351
341
338
341
349
364
385
408
430
447
458
463
462
458
455
454
456
462
470
478
486
491
491
489
484
480
477
475
476
480
488
497
504
508
508
505
502
497
494
493
495
500
506
510
514
514
510
503
497
493
492
494
500
509
517
522
525
524
517
507
499
496
498
503
511
519
527
530
531
527
522
517
514
514
517
523
529
535
540
543
544
542
538
533
529
525
521
523
529
538
545
551
553
553
552
551
550
551
554
559
564
569
573
575
573
568
566
563
563
564
571
580
590
600
607
608
603
597
592
592
596
602
609
617
623
626
630
634
634
631
628
627
629
633
638
642
643
644
642
638
630
622
616
616
621
629
637
643
644
641
633
622
609
596
585
578
576
575
576
578
579
576
570
561
550
540
532
528
529
532
535
534
531
524
512
498
484
475
470
471
477
485
490
491
488
484
479
473
467
462
458
458
462
468
473
476
477
473
466
460
454
450
450
455
464
472
477
483
483
478
472
466
461
459
460
464
470
473
472
468
462
456
452
450
449
451
458
466
472
476
477
475
472
468
464
460
459
462
467
473
475
475
473
469
464
458
455
456
460
465
471
478
483
485
485
481
476
471
467
466
465
466
469
472
476
479
478
473
467
462
457
455
457
464
473
483
490
494
492
487
481
475
471
470
471
474
481
488
490
488
482
476
472
469
469
473
480
486
491
493
493
489
480
470
463
461
462
467
476
485
493
497
498
496
492
487
482
479
479
483
487
492
495
495
491
485
476
466
457
452
455
462
472
482
492
501
506
505
501
494
488
484
485
490
495
498
499
497
492
486
480
477
477
481
487
493
497
499
497
492
483
474
467
464
465
475
487
499
506
508
507
501
494
487
481
478
479
485
490
493
494
495
496
495
493
491
491
491
495
501
507
511
515
518
515
510
505
500
498
498
501
506
511
512
511
507
501
495
491
490
491
495
500
507
514
520
524
525
522
518
515
511
509
510
515
523
529
533
534
533
529
525
522
519
518
520
523
527
530
531
526
517
507
499
493
489
490
494
499
503
505
505
501
495
489
484
483
486
493
498
503
505
505
502
496
490
486
483
481
480
482
484
489
494
495
493
489
484
482
481
483
486
489
490
489
486
484
484
483
482
480
480
484
491
499
505
508
508
503
495
486
478
472
471
476
486
503
525
549
576
602
628
654
681
710
742
775
808
838
860
873
875
865
845
814
771
719
661
597
534
474
423
383
355
336
328
331
340
353
369
387
403
417
428
434
437
437
437
436
438
444
453
463
475
484
491
493
490
485
480
479
482
490
500
511
519
525
526
521
513
502
493
483
476
478
490
503
516
523
524
522
518
515
514
515
520
525
529
531
530
527
521
514
511
510
510
512
517
524
534
542
546
547
543
536
530
524
521
524
530
538
546
551
553
552
548
543
538
534
533
536
541
547
554
560
564
562
557
549
544
542
544
551
563
575
584
588
587
581
573
566
564
566
572
581
593
604
613
616
616
610
605
603
605
609
616
626
634
641
645
647
643
636
629
623
620
620
625
635
645
653
658
659
656
649
642
637
634
634
638
643
646
647
644
637
626
614
602
593
587
585
588
593
595
591
584
575
566
557
550
546
546
547
548
548
545
539
532
524
514
504
495
487
483
482
483
486
491
492
489
484
477
471
466
467
472
479
485
488
488
484
477
470
463
456
452
451
455
461
467
472
475
474
469
465
462
461
463
468
474
480
483
485
481
474
466
458
452
447
448
453
461
467
472
476
476
475
472
467
466
467
470
475
479
481
482
481
477
471
466
461
460
462
467
472
478
482
483
481
477
471
468
467
468
472
477
483
487
487
484
479
472
465
460
458
461
468
478
488
494
497
494
485
479
474
470
468
471
476
483
488
490
488
484
481
479
478
477
477
481
487
494
500
503
500
492
482
473
466
463
465
472
478
485
491
494
494
492
488
483
479
478
479
483
488
490
488
484
479
472
468
467
470
476
484
491
496
497
495
492
488
484
481
479
478
481
487
494
500
503
503
496
487
479
473
472
474
479
484
489
492
491
489
485
480
475
471
471
473
479
485
489
492
493
491
486
481
476
473
470
472
479
487
494
497
497
495
490
484
480
480
483
490
497
502
507
509
507
504
500
495
491
488
488
492
499
504
508
508
507
503
497
492
491
496
504
515
524
532
536
536
532
525
518
514
513
516
522
529
533
535
533
530
524
516
508
501
497
497
498
500
503
504
502
496
488
479
471
466
467
472
479
485
491
495
495
489
481
473
466
463
462
469
480
488
492
493
488
482
476
473
474
478
483
488
494
497
499
497
492
484
475
469
465
464
468
474
482
489
493
493
488
483
477
471
467
466
470
475
481
485
489
490
492
497
509
527
554
589
628
667
703
735
759
776
789
800
813
824
834
838
834
820
794
754
703
640
571
502
444
400
369
351
343
343
350
359
366
373
381
390
400
411
424
436
444
451
458
463
464
463
461
461
464
473
484
495
504
509
511
507
500
492
486
481
482
488
497
503
505
504
499
492
488
487
490
496
502
510
518
523
524
522
515
506
499
496
496
499
503
508
513
517
520
519
516
511
507
504
503
506
514
525
533
537
538
535
530
525
519
516
518
523
531
537
541
545
548
547
542
536
531
530
533
538
545
551
554
554
552
548
545
544
546
550
556
564
572
579
584
586
585
579
574
571
572
576
583
591
598
604
608
610
610
608
604
601
600
604
611
620
629
635
636
635
632
626
621
616
614
617
624
631
635
635
632
629
625
621
617
615
616
620
623
625
624
620
611
598
584
572
562
556
556
560
565
568
568
562
553
540
526
512
502
496
497
503
509
514
515
509
497
484
470
461
456
459
464
472
480
486
486
484
479
473
467
460
456
457
463
467
470
470
467
460
452
446
441
440
444
452
461
470
478
481
478
468
459
454
450
448
450
455
462
465
465
461
455
450
451
456
460
464
469
475
478
481
482
480
474
469
463
459
458
457
459
460
463
466
468
469
468
467
463
460
458
460
463
466
468
465
461
457
456
458
463
470
478
485
490
493
492
486
478
471
465
464
465
467
471
477
483
489
491
490
484
476
469
463
458
456
464
474
485
494
497
495
488
478
469
463
458
458
464
472
480
483
484
481
474
468
468
471
475
482
491
497
501
502
497
486
476
469
464
463
465
472
481
489
492
491
484
473
465
462
462
465
470
474
478
482
485
484
479
474
470
466
465
465
468
476
484
494
500
502
499
493
486
479
476
477
480
485
490
495
496
493
488
482
477
474
476
479
484
489
492
493
493
490
486
481
476
473
473
477
484
490
496
499
499
496
492
488
488
489
493
496
499
499
500
499
497
494
491
490
492
495
503
512
519
522
523
521
516
510
505
501
499
502
510
520
529
535
538
536
532
524
517
512
510
512
514
515
512
505
496
487
478
471
469
469
471
478
488
499
507
510
509
504
495
487
481
477
477
480
486
491
494
493
489
481
472
464
458
458
464
473
482
489
493
493
489
484
479
475
473
474
474
476
480
482
485
485
481
477
473
472
476
483
491
496
500
501
499
491
482
471
463
462
470
486
508
532
560
587
613
637
658
680
704
728
751
775
801
825
845
855
854
840
819
789
749
698
639
577
516
459
410
371
343
327
322
325
334
349
369
389
407
422
432
439
439
437
435
434
437
448
462
477
490
498
501
499
494
489
484
481
482
487
491
494
496
496
495
492
488
486
487
490
497
506
515
521
523
522
519
512
505
500
497
498
502
507
509
510
511
510
506
500
496
492
494
499
506
514
522
527
529
528
523
517
514
514
516
520
526
531
536
540
541
539
534
530
527
528
533
540
548
555
558
558
554
549
544
541
540
543
549
556
563
571
573
571
564
556
549
543
540
542
551
564
578
588
596
598
597
596
595
593
592
593
598
606
614
620
626
627
627
627
625
624
625
627
632
639
645
649
649
644
635
628
621
617
617
621
626
632
632
629
621
611
598
587
580
578
581
586
591
593
591
587
578
565
552
540
531
527
527
529
531
531
529
524
515
503
492
484
480
480
484
491
497
500
497
490
480
470
462
458
458
461
466
472
476
476
473
466
457
452
449
450
454
463
471
476
475
472
466
460
454
450
447
446
450
461
471
479
482
481
476
469
462
458
456
457
463
470
475
477
478
477
473
469
464
460
460
463
468
473
477
480
480
479
474
468
463
458
457
461
466
472
476
477
477
473
468
460
454
447
446
453
466
479
486
487
483
477
473
470
468
468
471
477
482
485
486
485
482
475
469
465
464
468
475
486
494
499
499
493
485
476
470
464
461
464
473
483
489
491
489
484
478
474
471
468
467
469
474
480
485
489
488
480
470
462
460
463
468
475
482
488
494
496
493
483
473
467
466
469
476
485
493
498
500
498
494
487
480
472
469
470
476
486
497
503
505
504
497
489
483
476
471
471
477
485
494
502
507
505
499
491
484
480
479
483
488
494
501
505
506
503
498
495
491
489
488
490
494
499
502
503
504
502
497
492
489
488
490
496
503
512
519
521
521
519
514
511
511
513
519
526
530
532
532
528
522
516
510
504
502
502
506
509
511
510
506
499
491
484
478
477
479
484
491
496
499
497
492
482
473
468
465
466
470
479
489
498
502
502
497
489
481
473
467
463
463
468
475
482
486
487
483
477
470
464
462
463
468
473
480
486
489
487
484
480
478
475
475
478
484
489
491
491
486
478
470
463
459
460
468
484
508
536
566
596
624
651
675
702
729
755
780
804
825
842
853
856
849
832
803
762
708
647
585
523
469
425
390
364
345
333
328
332
342
356
375
396
417
433
444
449
446
443
439
437
438
445
457
470
484
492
496
495
490
484
478
474
475
482
491
498
501
501
499
497
494
492
490
489
489
492
499
505
507
506
504
498
492
490
492
497
505
514
522
528
530
527
520
510
499
492
489
492
501
514
525
533
537
537
533
525
517
510
505
506
512
520
527
536
540
541
537
532
528
526
526
532
539
546
549
550
547
542
537
535
535
538
543
547
551
556
562
568
573
574
572
569
569
573
578
586
595
602
607
609
606
601
595
590
586
587
592
601
610
619
625
629
628
627
626
624
626
630
635
643
650
651
648
642
630
617
608
600
597
600
607
616
624
630
628
619
607
594
584
577
576
579
583
585
585
580
571
559
547
540
534
530
530
531
534
532
526
518
508
496
486
479
474
473
477
481
481
478
473
467
460
455
453
453
455
459
464
466
467
471
475
473
468
463
459
454
453
457
461
465
469
473
474
473
468
464
462
461
463
467
473
477
476
475
471
463
453
447
444
445
449
457
466
474
480
483
481
475
467
462
458
457
459
462
465
468
469
470
469
465
456
448
443
441
443
448
454
462
471
474
474
475
478
481
486
492
497
501
501
496
485
471
460
449
440
440
447
457
467
476
482
486
489
486
480
472
468
469
472
478
485
491
494
493
489
485
480
478
476
476
477
481
483
487
491
492
487
480
474
470
468
467
470
476
483
493
500
500
493
484
479
478
482
491
495
496
499
497
489
478
470
472
483
495
510
521
525
520
504
485
471
466
467
472
480
488
497
509
520
526
528
522
513
505
491
471
459
457
462
468
475
479
484
491
497
502
499
492
488
486
483
479
478
483
490
496
497
491
483
474
470
471
476
484
489
490
489
490
493
498
503
507
511
517
525
532
537
537
535
531
527
524
527
529
536
542
542
541
537
531
522
507
493
483
478
480
487
493
497
499
498
495
491
487
483
481
481
482
480
474
467
462
459
457
454
452
452
454
458
464
471
478
481
481
475
466
457
448
442
441
445
456
470
482
491
494
490
480
473
466
461
459
463
466
468
469
471
473
470
464
456
450
451
456
462
468
475
480
484
490
499
512
529
552
580
614
651
691
731
764
788
806
821
832
839
840
835
823
801
766
716
652
578
500
426
365
322
296
289
299
316
336
355
371
381
390
396
402
408
415
422
429
435
442
446
448
449
448
449
452
458
467
478
492
504
510
512
506
494
480
467
460
460
467
479
493
504
510
514
513
507
502
496
491
489
490
494
496
497
497
498
498
496
494
492
491
494
503
513
519
523
527
530
533
534
530
522
518
518
521
525
528
527
524
522
519
517
518
525
534
541
547
551
553
554
549
540
530
519
513
511
518
534
550
562
571
577
574
568
564
564
564
564
568
574
583
590
598
604
604
597
588
584
582
583
589
599
610
620
628
632
634
633
633
639
648
656
666
675
683
689
688
680
668
652
639
633
629
626
628
629
627
623
615
607
598
590
584
583
586
592
599
602
600
593
583
568
556
547
543
546
557
566
571
571
567
560
546
530
516
503
494
493
500
509
516
519
516
507
501
495
486
478
471
467
468
471
476
477
475
468
461
456
452
451
456
463
468
472
473
468
462
453
445
440
437
437
444
453
460
465
469
466
457
448
439
437
438
439
443
452
463
472
471
466
460
456
453
451
450
455
461
467
471
471
466
456
449
447
446
447
451
459
470
482
491
498
498
491
482
472
465
458
456
455
456
459
461
460
457
448
439
434
436
443
453
464
474
484
489
487
480
471
461
454
451
452
457
464
472
477
479
476
470
463
457
455
456
460
468
476
483
487
486
482
477
473
471
469
471
477
485
492
494
494
490
484
478
470
463
460
462
466
473
479
482
480
477
473
468
464
466
473
481
487
491
495
499
503
500
491
482
477
478
485
496
504
508
510
510
508
500
491
484
479
474
476
483
492
501
507
511
511
508
504
499
496
498
502
506
509
509
507
501
495
489
484
483
486
494
506
516
524
530
531
529
525
521
519
517
517
520
527
532
537
540
538
532
523
514
504
499
500
506
512
517
518
515
507
499
492
485
479
477
478
482
490
497
500
500
497
490
482
474
465
458
460
469
478
483
486
486
481
476
472
469
467
467
469
473
477
479
480
479
476
471
464
458
454
454
458
464
471
475
477
481
484
487
490
492
495
499
501
502
502
498
492
483
474
467
468
476
492
515
540
569
599
629
656
684
714
745
774
804
833
859
878
887
881
859
827
785
733
669
601
534
475
424
382
354
339
330
326
325
328
334
346
365
383
399
412
424
432
436
434
431
430
431
437
446
455
464
470
474
475
474
471
469
470
475
484
494
504
512
517
519
515
508
501
496
493
490
491
494
497
501
506
509
506
502
499
499
500
505
514
522
527
530
531
528
523
516
511
507
506
507
512
518
522
527
529
527
525
522
522
523
523
526
529
533
538
539
537
533
527
522
520
520
524
530
537
544
548
552
551
547
544
543
544
549
557
566
572
576
576
575
572
568
564
563
567
575
584
596
604
610
613
613
610
606
604
605
608
614
620
627
635
637
636
633
626
620
613
609
611
618
627
635
639
641
637
629
621
617
616
617
618
619
621
622
621
618
613
605
596
589
585
584
584
584
579
571
566
559
550
542
532
524
517
513
514
518
521
519
514
506
501
495
491
489
489
490
493
495
494
490
482
473
465
459
459
461
464
468
471
474
479
480
477
472
467
461
458
456
459
467
475
478
479
477
470
462
457
453
451
452
456
463
472
476
477
474
468
460
454
453
453
455
458
464
470
476
479
478
475
473
472
474
476
479
482
485
486
486
481
473
463
456
453
456
460
467
474
480
484
483
479
472
462
455
453
455
461
471
483
492
499
498
494
486
478
473
470
471
476
481
484
487
487
485
479
473
469
468
471
478
484
490
493
492
487
481
474
472
474
478
481
486
491
494
498
503
506
503
499
492
486
481
480
482
484
487
487
483
480
476
471
470
471
477
484
492
499
503
504
502
494
484
478
475
475
482
493
504
512
517
519
517
509
499
488
479
473
475
483
494
501
505
507
505
499
494
490
488
489
493
498
503
508
511
510
505
502
501
502
505
508
516
524
531
537
540
540
537
531
524
519
515
515
518
522
524
523
517
508
496
485
477
474
475
481
488
493
497
499
496
491
484
477
470
467
468
473
481
487
490
491
487
481
475
470
467
468
473
482
491
499
504
505
500
493
487
479
474
474
478
483
487
487
486
481
472
463
459
460
464
473
481
488
493
495
494
490
483
476
470
466
464
466
469
474
486
505
527
550
576
604
630
660
692
724
753
778
800
817
827
829
824
813
798
780
758
728
685
631
572
510
453
405
367
343
334
336
350
368
388
407
422
433
440
440
441
443
447
453
461
469
474
474
474
476
476
474
474
477
486
500
511
519
524
524
518
506
495
488
483
481
484
490
499
507
512
514
511
504
497
492
490
490
493
500
507
512
515
512
508
501
495
492
494
498
504
512
520
524
525
524
518
512
508
507
508
513
520
527
532
534
532
527
522
519
519
520
521
524
530
539
544
543
540
535
532
530
529
529
535
546
559
569
576
575
569
560
551
546
543
543
547
555
567
580
592
598
599
597
593
590
588
592
602
612
619
621
621
618
614
609
605
602
602
604
611
618
625
631
632
627
618
609
602
599
600
606
615
624
630
632
630
622
611
600
592
587
585
585
587
588
586
581
574
566
558
551
545
544
545
549
552
553
550
540
526
509
495
485
481
482
484
489
494
498
499
496
487
476
466
458
453
454
458
464
473
478
479
476
473
468
462
457
457
463
470
475
478
480
478
474
471
471
472
474
479
486
488
485
483
481
476
473
472
470
466
460
459
461
461
458
455
453
449
444
440
440
443
450
460
467
472
474
472
466
460
458
456
457
462
470
478
484
488
490
487
484
482
483
484
483
483
488
496
502
507
507
503
494
486
481
477
474
477
486
499
510
514
510
497
480
465
453
442
436
437
442
450
458
464
464
459
451
444
439
442
